#ASCII 1
#SCROLL 0
#NCOLS 53
#LABEL00 IST(hr)
#LABEL01 C02_Amp
#LABEL02 C02_Phs
#LABEL03 W05_Amp
#LABEL04 W05_Phs
#LABEL05 C14_Amp
#LABEL06 C14_Phs
#LABEL07 W04_Amp
#LABEL08 W04_Phs
#LABEL09 E02_Amp
#LABEL10 E02_Phs
#LABEL11 C03_Amp
#LABEL12 C03_Phs
#LABEL13 S02_Amp
#LABEL14 S02_Phs
#LABEL15 W03_Amp
#LABEL16 W03_Phs
#LABEL17 E03_Amp
#LABEL18 E03_Phs
#LABEL19 W02_Amp
#LABEL20 W02_Phs
#LABEL21 S04_Amp
#LABEL22 S04_Phs
#LABEL23 W01_Amp
#LABEL24 W01_Phs
#LABEL25 C00_Amp
#LABEL26 C00_Phs
#LABEL27 C09_Amp
#LABEL28 C09_Phs
#LABEL29 C04_Amp
#LABEL30 C04_Phs
#LABEL31 C13_Amp
#LABEL32 C13_Phs
#LABEL33 S03_Amp
#LABEL34 S03_Phs
#LABEL35 C10_Amp
#LABEL36 C10_Phs
#LABEL37 C08_Amp
#LABEL38 C08_Phs
#LABEL39 C01_Amp
#LABEL40 C01_Phs
#LABEL41 C11_Amp
#LABEL42 C11_Phs
#LABEL43 C12_Amp
#LABEL44 C12_Phs
#LABEL45 C05_Amp
#LABEL46 C05_Phs
#LABEL47 C06_Amp
#LABEL48 C06_Phs
#LABEL49 E04_Amp
#LABEL50 E04_Phs
#LABEL51 W06_Amp
#LABEL52 W06_Phs
#End
25.634100 0.264856 126.377289 0.006546 -162.164490 0.086492 -116.496872 0.006256 -77.117302 0.007298 161.865189 0.170127 -138.517029 0.000000 0.000000 0.011503 33.655548 0.000000 0.000000 0.025755 -71.063202 0.000000 0.000000 0.025435 -114.411308 0.005415 88.574928 
25.638800 0.286199 127.205421 0.006015 -118.499069 0.087254 -122.832466 0.006447 -156.350937 0.005653 -85.873672 0.168577 -141.543274 0.000000 0.000000 0.006098 -131.937775 0.000000 0.000000 0.017128 -72.158371 0.000000 0.000000 0.032680 -123.781296 0.000000 0.000000 
25.643500 0.268700 125.913513 0.010494 -51.227810 0.085740 -132.643219 0.005045 40.698097 0.005315 145.716187 0.168634 -145.642487 0.012344 59.656155 0.009126 73.575821 0.000000 0.000000 0.028059 -78.281654 0.008618 -2.010526 0.030050 -112.844986 0.007146 -25.054501 
25.648200 0.275210 124.479263 0.000000 0.000000 0.097475 -128.585495 0.007532 -173.176559 0.006230 164.219604 0.173788 -145.121002 0.006093 26.643972 0.007051 -145.838486 0.000000 0.000000 0.013639 -81.529228 0.006361 -6.809174 0.022584 -137.141006 0.000000 0.000000 
25.653000 0.265170 126.420464 0.013389 52.673386 0.093216 -121.164307 0.006188 -71.916122 0.000000 0.000000 0.173861 -142.981232 0.011436 47.996502 0.007890 -3.559813 0.000000 0.000000 0.025966 -68.229454 0.006217 -143.104584 0.025868 -129.787048 0.000000 0.000000 
25.657700 0.270935 120.303940 0.000000 0.000000 0.090198 -130.926361 0.000000 0.000000 0.008978 117.738625 0.166687 -147.318527 0.000000 0.000000 0.015839 59.543911 0.000000 0.000000 0.021691 -88.111938 0.005913 -155.520828 0.024976 -127.498497 0.000000 0.000000 
25.663100 0.264448 121.534714 0.000000 0.000000 0.091754 -125.956398 0.006703 -147.722076 0.016690 175.770737 0.159843 -146.303497 0.006481 74.283211 0.011332 52.388397 0.000000 0.000000 0.024367 -116.082886 0.005162 90.938766 0.028202 -137.503159 0.007124 -162.036148 
25.667700 0.266084 126.428696 0.009298 -155.796478 0.086469 -121.792648 0.007224 -20.295412 0.008647 -148.319427 0.169252 -141.493973 0.005034 136.780014 0.012549 36.504421 0.014081 109.021622 0.020466 -84.098984 0.008147 -72.067841 0.042826 -144.630798 0.000000 0.000000 
25.672300 0.271329 122.902878 0.007460 12.938422 0.086890 -132.730896 0.000000 0.000000 0.010132 -31.049353 0.170422 -148.612534 0.000000 0.000000 0.000000 0.000000 0.000000 0.000000 0.017917 -93.980713 0.007363 18.246803 0.024442 -138.975662 0.000000 0.000000 
25.677100 0.277638 125.174156 0.005624 -18.355400 0.083619 -127.331543 0.000000 0.000000 0.005955 -138.121735 0.160381 -142.770248 0.000000 0.000000 0.012133 72.515221 0.010172 164.849457 0.036819 -94.958450 0.010302 77.013748 0.017140 -124.417496 0.006147 -138.150940 
25.681100 0.287271 127.122887 0.000000 0.000000 0.080577 -123.745079 0.000000 0.000000 0.009883 154.974472 0.172159 -141.602646 0.005384 -85.622208 0.005252 -74.801773 0.009228 -37.645782 0.012974 -48.826576 0.010268 157.312378 0.030344 -147.569687 0.009210 113.818604 
25.685800 0.279940 121.109528 0.005056 -175.391724 0.083547 -131.339279 0.000000 0.000000 0.000000 0.000000 0.168523 -149.898605 0.009089 -37.851181 0.010130 13.739962 0.000000 0.000000 0.021786 -99.671127 0.000000 0.000000 0.031111 -137.190857 0.005679 -167.748810 
25.690600 0.278846 124.459373 0.000000 0.000000 0.080864 -123.246536 0.000000 0.000000 0.006801 -150.256073 0.168628 -145.680298 0.007755 -49.564674 0.009525 17.211781 0.011028 -166.271469 0.014701 -98.435303 0.006674 -20.463270 0.033838 -137.557495 0.010453 29.334957 
25.695300 0.270504 123.222580 0.008927 146.192673 0.087495 -138.208450 0.005770 32.355637 0.000000 0.000000 0.183499 -149.991135 0.000000 0.000000 0.006397 -176.007660 0.000000 0.000000 0.016876 -95.645615 0.000000 0.000000 0.033841 -150.288574 0.007316 -8.935678 
25.700000 0.277211 118.118454 0.000000 0.000000 0.084497 -128.614716 0.006749 146.958633 0.000000 0.000000 0.174393 -150.562225 0.000000 0.000000 0.009806 9.755708 0.010271 -167.899704 0.028120 -75.704918 0.000000 0.000000 0.028455 -141.080093 0.000000 0.000000 
25.704700 0.275890 126.786652 0.000000 0.000000 0.079623 -117.730446 0.006525 -2.816334 0.000000 0.000000 0.169057 -141.102676 0.009023 35.953323 0.000000 0.000000 0.000000 0.000000 0.020517 -98.413612 0.000000 0.000000 0.030421 -128.641830 0.000000 0.000000 
25.710100 0.268319 122.783546 0.000000 0.000000 0.097622 -129.735336 0.000000 0.000000 0.010630 -93.702614 0.169148 -146.038223 0.006780 -25.104897 0.009202 -23.241053 0.009378 -99.574646 0.022545 -79.537498 0.007639 -96.946686 0.027877 -140.043015 0.000000 0.000000 
25.716300 0.275542 125.930954 0.005091 104.005745 0.082151 -127.279190 0.008014 47.286480 0.007656 -166.082169 0.169801 -146.083847 0.000000 0.000000 0.000000 0.000000 0.007557 -93.689438 0.020300 -60.885834 0.006637 72.515266 0.029992 -133.579575 0.000000 0.000000 
25.720200 0.251907 128.319778 0.008036 88.464394 0.099279 -125.147270 0.008246 -96.568596 0.012970 -106.598869 0.162975 -143.268982 0.007573 -63.785793 0.008182 -92.445732 0.010065 127.049667 0.023316 -107.421402 0.015863 35.487141 0.040811 -140.267426 0.005110 94.599113 
25.723400 0.266263 123.082741 0.005541 42.290070 0.080526 -133.367569 0.005067 102.534035 0.007381 -96.783852 0.167379 -148.549957 0.000000 0.000000 0.000000 0.000000 0.000000 0.000000 0.008790 -96.681480 0.006929 145.081589 0.029103 -123.375633 0.000000 0.000000 
25.728100 0.269038 122.656601 0.000000 0.000000 0.081520 -129.686066 0.005514 -131.201935 0.011295 -101.126610 0.174125 -145.806107 0.000000 0.000000 0.007176 20.652695 0.005732 152.861526 0.021226 -72.591354 0.006472 65.097427 0.024909 -157.693115 0.000000 0.000000 
25.732800 0.271433 125.909828 0.000000 0.000000 0.078529 -125.077301 0.000000 0.000000 0.011630 168.313873 0.174753 -142.564209 0.000000 0.000000 0.012778 -22.822809 0.000000 0.000000 0.025618 -90.682434 0.000000 0.000000 0.035685 -125.740715 0.000000 0.000000 
25.737500 0.271682 109.727951 0.000000 0.000000 0.149801 -161.432007 0.000000 0.000000 0.013994 96.787247 0.267059 -163.709396 0.009578 -149.948563 0.008204 1.858210 0.010199 -103.902390 0.006558 -47.403984 0.012520 72.721207 0.030373 -151.372742 0.000000 0.000000 
25.742200 0.263059 133.474411 0.009463 96.650970 0.094968 -121.534210 0.008315 -134.331787 0.005558 -88.542397 0.170385 -142.326218 0.015961 -0.967297 0.008237 -6.612071 0.011716 -80.422951 0.023813 -55.354328 0.007937 -130.934067 0.022115 -117.372345 0.005069 178.666977 
25.746900 0.280255 126.436623 0.000000 0.000000 0.082767 -125.917267 0.000000 0.000000 0.008653 44.790424 0.171321 -144.153488 0.000000 0.000000 0.005361 129.253052 0.007797 175.879684 0.031721 -82.150360 0.000000 0.000000 0.019132 -130.502182 0.000000 0.000000 
25.752400 0.268832 120.831406 0.008290 70.165024 0.087752 -128.372375 0.008350 152.430557 0.000000 0.000000 0.184431 -150.255951 0.009914 0.430635 0.000000 0.000000 0.000000 0.000000 0.020281 -100.422424 0.000000 0.000000 0.035667 -128.387924 0.005210 -61.573685 
25.758500 0.277103 120.651901 0.006603 94.851433 0.078660 -126.428841 0.005577 178.700043 0.008065 78.026833 0.171316 -152.865341 0.000000 0.000000 0.008142 34.265713 0.005544 -65.662460 0.020639 -89.977997 0.000000 0.000000 0.034186 -135.725571 0.000000 0.000000 
25.762400 0.276961 119.177147 0.015003 -98.454453 0.077376 -126.467323 0.005541 -45.222977 0.009421 -99.388992 0.175279 -153.908279 0.000000 0.000000 0.012121 -4.353115 0.018071 -21.003174 0.023023 -76.732269 0.007074 -32.688034 0.022444 -174.601410 0.007128 8.290451 
25.765600 0.265813 124.127434 0.009923 3.810208 0.089425 -115.307945 0.006698 154.638931 0.006613 -162.428909 0.169115 -152.569229 0.008704 91.293365 0.008248 170.642960 0.008588 -103.072853 0.017542 -80.976776 0.000000 0.000000 0.026197 -135.398056 0.000000 0.000000 
25.770300 0.271069 123.966583 0.007429 -27.642254 0.083844 -122.014923 0.000000 0.000000 0.000000 0.000000 0.164641 -152.451340 0.000000 0.000000 0.000000 0.000000 0.005702 -120.203056 0.028262 -101.288338 0.007273 95.053749 0.030824 -119.974174 0.000000 0.000000 
25.775100 0.279963 122.894928 0.009752 82.796295 0.085254 -126.281250 0.000000 0.000000 0.010070 138.711578 0.157626 -152.674744 0.013397 114.871246 0.011361 30.574347 0.009795 167.366974 0.024049 -80.209511 0.000000 0.000000 0.028548 -145.780243 0.000000 0.000000 
25.779800 0.270562 123.142853 0.000000 0.000000 0.093953 -125.859482 0.000000 0.000000 0.007857 -176.051880 0.162899 -155.809174 0.000000 0.000000 0.008358 32.936264 0.007505 -96.242554 0.027300 -59.096962 0.000000 0.000000 0.027276 -137.640396 0.010296 -155.041412 
25.784500 0.278363 123.787598 0.000000 0.000000 0.082052 -126.289345 0.000000 0.000000 0.000000 0.000000 0.164415 -153.444641 0.009321 121.248360 0.000000 0.000000 0.000000 0.000000 0.023627 -116.280281 0.009691 -43.733948 0.027645 -131.925858 0.007595 163.924728 
25.789200 0.272943 123.468117 0.000000 0.000000 0.091449 -120.857590 0.013244 157.059219 0.013229 179.342850 0.163919 -148.262939 0.006304 44.277557 0.007277 -22.994570 0.006771 -117.351212 0.031112 -88.196121 0.000000 0.000000 0.024580 -144.887497 0.000000 0.000000 
25.794600 0.273768 125.133438 0.000000 0.000000 0.076393 -132.671753 0.000000 0.000000 0.000000 0.000000 0.172774 -152.533035 0.005301 5.032764 0.000000 0.000000 0.006164 -93.771614 0.015378 -91.952950 0.007113 -79.862144 0.029178 -142.694641 0.000000 0.000000 
25.800800 0.270803 128.256775 0.011626 -77.124062 0.081913 -127.478302 0.000000 0.000000 0.006087 -107.005554 0.157447 -155.616287 0.000000 0.000000 0.000000 0.000000 0.006974 -169.902344 0.015008 -100.141647 0.000000 0.000000 0.028258 -156.579193 0.009588 -0.592887 
25.804800 0.282979 121.256752 0.008349 134.197586 0.087505 -123.090302 0.000000 0.000000 0.013189 173.833359 0.160173 -153.449051 0.011147 -83.554153 0.006715 -37.529549 0.015608 -134.791473 0.018436 -63.985619 0.017444 137.654083 0.027490 -152.722000 0.009999 3.984703 
25.807900 0.270575 122.208817 0.000000 0.000000 0.079078 -132.852661 0.011279 147.275131 0.020319 -149.585083 0.171859 -157.847015 0.005312 60.969109 0.000000 0.000000 0.006098 -83.984398 0.012850 -101.134384 0.008606 41.493416 0.022242 -131.182343 0.009441 138.752258 
25.812600 0.268493 127.139923 0.005332 -168.183701 0.088872 -130.132507 0.000000 0.000000 0.008707 178.728424 0.166230 -157.837128 0.000000 0.000000 0.006807 -34.600159 0.008889 -171.058609 0.016906 -112.532845 0.005157 0.937418 0.032059 -155.968445 0.000000 0.000000 
25.817400 0.269418 124.890717 0.005862 -141.772766 0.078177 -127.945084 0.000000 0.000000 0.000000 0.000000 0.156753 -153.802551 0.000000 0.000000 0.006776 2.447927 0.000000 0.000000 0.013866 -106.229866 0.009049 -157.575027 0.022098 -134.655029 0.005067 -131.181213 
25.822100 0.258663 121.040749 0.000000 0.000000 0.080422 -132.413635 0.000000 0.000000 0.007476 -139.454727 0.167386 -157.696747 0.007999 91.143517 0.008733 82.017548 0.009318 166.643814 0.017276 -84.441963 0.014184 28.320807 0.029895 -154.340820 0.011446 102.916603 
25.827500 0.273744 122.444809 0.010351 -135.885208 0.089784 -131.151688 0.011749 161.918869 0.000000 0.000000 0.165791 -152.673325 0.000000 0.000000 0.000000 0.000000 0.000000 0.000000 0.020015 -76.338249 0.008023 -173.724274 0.031024 -128.990585 0.000000 0.000000 
25.832200 0.273945 123.917892 0.000000 0.000000 0.066468 -125.543510 0.007078 -175.632217 0.010921 -160.631149 0.161788 -151.619217 0.012584 -99.931778 0.000000 0.000000 0.000000 0.000000 0.027102 -101.963463 0.000000 0.000000 0.028074 -134.544312 0.007709 -143.968246 
25.836900 0.282035 120.969734 0.000000 0.000000 0.083017 -131.626099 0.008524 175.572525 0.000000 0.000000 0.166069 -158.378769 0.006909 69.218773 0.006510 59.118130 0.006938 -145.811356 0.022609 -110.804375 0.000000 0.000000 0.030977 -125.486275 0.008494 -23.817471 
25.843100 0.279210 129.261688 0.000000 0.000000 0.087710 -125.344353 0.000000 0.000000 0.000000 0.000000 0.162139 -149.047501 0.000000 0.000000 0.006886 81.055008 0.000000 0.000000 0.013552 -99.151253 0.000000 0.000000 0.032325 -139.705658 0.000000 0.000000 
25.849200 0.278703 125.820312 0.000000 0.000000 0.081313 -131.600143 0.006278 -115.818199 0.000000 0.000000 0.165093 -157.184357 0.000000 0.000000 0.006391 -10.967058 0.006365 -42.871162 0.019044 -88.492622 0.000000 0.000000 0.027524 -125.937508 0.009234 84.013580 
25.855300 0.277235 127.684433 0.000000 0.000000 0.081083 -130.694885 0.005061 126.208740 0.006352 -111.500687 0.163292 -154.249298 0.000000 0.000000 0.007673 24.877054 0.014147 -79.892532 0.018312 -78.242798 0.005507 135.204483 0.027794 -126.399223 0.000000 0.000000 
25.860100 0.276073 123.762459 0.007706 104.856659 0.083686 -134.773514 0.007898 46.293911 0.010551 -174.837616 0.164681 -152.545074 0.009648 4.095203 0.000000 0.000000 0.000000 0.000000 0.017210 -90.087204 0.000000 0.000000 0.037321 -133.756622 0.000000 0.000000 
25.864300 0.272978 123.590561 0.000000 0.000000 0.083392 -136.058868 0.006071 -174.595825 0.000000 0.000000 0.164948 -157.352844 0.000000 0.000000 0.009025 -35.981373 0.000000 0.000000 0.028805 -105.644836 0.005203 -144.790878 0.021090 -153.811584 0.008493 51.885471 
25.869000 0.277769 123.752838 0.011003 -136.239380 0.071727 -140.436356 0.000000 0.000000 0.000000 0.000000 0.161834 -154.694153 0.005594 -76.739273 0.000000 0.000000 0.005163 -95.481750 0.023295 -113.817886 0.006801 71.286560 0.018987 -137.984055 0.000000 0.000000 
25.634100 0.264856 126.377289 0.006546 -162.164490 0.086492 -116.496872 0.006256 -77.117302 0.007298 161.865189 0.170127 -138.517029 0.000000 0.000000 0.011503 33.655548 0.000000 0.000000 0.025755 -71.063202 0.000000 0.000000 0.025435 -114.411308 0.005415 88.574928 
25.638800 0.286199 127.205421 0.006015 -118.499069 0.087254 -122.832466 0.006447 -156.350937 0.005653 -85.873672 0.168577 -141.543274 0.000000 0.000000 0.006098 -131.937775 0.000000 0.000000 0.017128 -72.158371 0.000000 0.000000 0.032680 -123.781296 0.000000 0.000000 
25.643500 0.268700 125.913513 0.010494 -51.227810 0.085740 -132.643219 0.005045 40.698097 0.005315 145.716187 0.168634 -145.642487 0.012344 59.656155 0.009126 73.575821 0.000000 0.000000 0.028059 -78.281654 0.008618 -2.010526 0.030050 -112.844986 0.007146 -25.054501 
25.648200 0.275210 124.479263 0.000000 0.000000 0.097475 -128.585495 0.007532 -173.176559 0.006230 164.219604 0.173788 -145.121002 0.006093 26.643972 0.007051 -145.838486 0.000000 0.000000 0.013639 -81.529228 0.006361 -6.809174 0.022584 -137.141006 0.000000 0.000000 
25.653000 0.265170 126.420464 0.013389 52.673386 0.093216 -121.164307 0.006188 -71.916122 0.000000 0.000000 0.173861 -142.981232 0.011436 47.996502 0.007890 -3.559813 0.000000 0.000000 0.025966 -68.229454 0.006217 -143.104584 0.025868 -129.787048 0.000000 0.000000 
25.657700 0.270935 120.303940 0.000000 0.000000 0.090198 -130.926361 0.000000 0.000000 0.008978 117.738625 0.166687 -147.318527 0.000000 0.000000 0.015839 59.543911 0.000000 0.000000 0.021691 -88.111938 0.005913 -155.520828 0.024976 -127.498497 0.000000 0.000000 
25.663100 0.264448 121.534714 0.000000 0.000000 0.091754 -125.956398 0.006703 -147.722076 0.016690 175.770737 0.159843 -146.303497 0.006481 74.283211 0.011332 52.388397 0.000000 0.000000 0.024367 -116.082886 0.005162 90.938766 0.028202 -137.503159 0.007124 -162.036148 
25.667700 0.266084 126.428696 0.009298 -155.796478 0.086469 -121.792648 0.007224 -20.295412 0.008647 -148.319427 0.169252 -141.493973 0.005034 136.780014 0.012549 36.504421 0.014081 109.021622 0.020466 -84.098984 0.008147 -72.067841 0.042826 -144.630798 0.000000 0.000000 
25.672300 0.271329 122.902878 0.007460 12.938422 0.086890 -132.730896 0.000000 0.000000 0.010132 -31.049353 0.170422 -148.612534 0.000000 0.000000 0.000000 0.000000 0.000000 0.000000 0.017917 -93.980713 0.007363 18.246803 0.024442 -138.975662 0.000000 0.000000 
25.677100 0.277638 125.174156 0.005624 -18.355400 0.083619 -127.331543 0.000000 0.000000 0.005955 -138.121735 0.160381 -142.770248 0.000000 0.000000 0.012133 72.515221 0.010172 164.849457 0.036819 -94.958450 0.010302 77.013748 0.017140 -124.417496 0.006147 -138.150940 
25.681100 0.287271 127.122887 0.000000 0.000000 0.080577 -123.745079 0.000000 0.000000 0.009883 154.974472 0.172159 -141.602646 0.005384 -85.622208 0.005252 -74.801773 0.009228 -37.645782 0.012974 -48.826576 0.010268 157.312378 0.030344 -147.569687 0.009210 113.818604 
25.685800 0.279940 121.109528 0.005056 -175.391724 0.083547 -131.339279 0.000000 0.000000 0.000000 0.000000 0.168523 -149.898605 0.009089 -37.851181 0.010130 13.739962 0.000000 0.000000 0.021786 -99.671127 0.000000 0.000000 0.031111 -137.190857 0.005679 -167.748810 
25.690600 0.278846 124.459373 0.000000 0.000000 0.080864 -123.246536 0.000000 0.000000 0.006801 -150.256073 0.168628 -145.680298 0.007755 -49.564674 0.009525 17.211781 0.011028 -166.271469 0.014701 -98.435303 0.006674 -20.463270 0.033838 -137.557495 0.010453 29.334957 
25.695300 0.270504 123.222580 0.008927 146.192673 0.087495 -138.208450 0.005770 32.355637 0.000000 0.000000 0.183499 -149.991135 0.000000 0.000000 0.006397 -176.007660 0.000000 0.000000 0.016876 -95.645615 0.000000 0.000000 0.033841 -150.288574 0.007316 -8.935678 
25.700000 0.277211 118.118454 0.000000 0.000000 0.084497 -128.614716 0.006749 146.958633 0.000000 0.000000 0.174393 -150.562225 0.000000 0.000000 0.009806 9.755708 0.010271 -167.899704 0.028120 -75.704918 0.000000 0.000000 0.028455 -141.080093 0.000000 0.000000 
25.704700 0.275890 126.786652 0.000000 0.000000 0.079623 -117.730446 0.006525 -2.816334 0.000000 0.000000 0.169057 -141.102676 0.009023 35.953323 0.000000 0.000000 0.000000 0.000000 0.020517 -98.413612 0.000000 0.000000 0.030421 -128.641830 0.000000 0.000000 
25.710100 0.268319 122.783546 0.000000 0.000000 0.097622 -129.735336 0.000000 0.000000 0.010630 -93.702614 0.169148 -146.038223 0.006780 -25.104897 0.009202 -23.241053 0.009378 -99.574646 0.022545 -79.537498 0.007639 -96.946686 0.027877 -140.043015 0.000000 0.000000 
25.716300 0.275542 125.930954 0.005091 104.005745 0.082151 -127.279190 0.008014 47.286480 0.007656 -166.082169 0.169801 -146.083847 0.000000 0.000000 0.000000 0.000000 0.007557 -93.689438 0.020300 -60.885834 0.006637 72.515266 0.029992 -133.579575 0.000000 0.000000 
25.720200 0.251907 128.319778 0.008036 88.464394 0.099279 -125.147270 0.008246 -96.568596 0.012970 -106.598869 0.162975 -143.268982 0.007573 -63.785793 0.008182 -92.445732 0.010065 127.049667 0.023316 -107.421402 0.015863 35.487141 0.040811 -140.267426 0.005110 94.599113 
25.723400 0.266263 123.082741 0.005541 42.290070 0.080526 -133.367569 0.005067 102.534035 0.007381 -96.783852 0.167379 -148.549957 0.000000 0.000000 0.000000 0.000000 0.000000 0.000000 0.008790 -96.681480 0.006929 145.081589 0.029103 -123.375633 0.000000 0.000000 
25.728100 0.269038 122.656601 0.000000 0.000000 0.081520 -129.686066 0.005514 -131.201935 0.011295 -101.126610 0.174125 -145.806107 0.000000 0.000000 0.007176 20.652695 0.005732 152.861526 0.021226 -72.591354 0.006472 65.097427 0.024909 -157.693115 0.000000 0.000000 
25.732800 0.271433 125.909828 0.000000 0.000000 0.078529 -125.077301 0.000000 0.000000 0.011630 168.313873 0.174753 -142.564209 0.000000 0.000000 0.012778 -22.822809 0.000000 0.000000 0.025618 -90.682434 0.000000 0.000000 0.035685 -125.740715 0.000000 0.000000 
25.737500 0.271682 109.727951 0.000000 0.000000 0.149801 -161.432007 0.000000 0.000000 0.013994 96.787247 0.267059 -163.709396 0.009578 -149.948563 0.008204 1.858210 0.010199 -103.902390 0.006558 -47.403984 0.012520 72.721207 0.030373 -151.372742 0.000000 0.000000 
25.742200 0.263059 133.474411 0.009463 96.650970 0.094968 -121.534210 0.008315 -134.331787 0.005558 -88.542397 0.170385 -142.326218 0.015961 -0.967297 0.008237 -6.612071 0.011716 -80.422951 0.023813 -55.354328 0.007937 -130.934067 0.022115 -117.372345 0.005069 178.666977 
25.746900 0.280255 126.436623 0.000000 0.000000 0.082767 -125.917267 0.000000 0.000000 0.008653 44.790424 0.171321 -144.153488 0.000000 0.000000 0.005361 129.253052 0.007797 175.879684 0.031721 -82.150360 0.000000 0.000000 0.019132 -130.502182 0.000000 0.000000 
25.752400 0.268832 120.831406 0.008290 70.165024 0.087752 -128.372375 0.008350 152.430557 0.000000 0.000000 0.184431 -150.255951 0.009914 0.430635 0.000000 0.000000 0.000000 0.000000 0.020281 -100.422424 0.000000 0.000000 0.035667 -128.387924 0.005210 -61.573685 
25.758500 0.277103 120.651901 0.006603 94.851433 0.078660 -126.428841 0.005577 178.700043 0.008065 78.026833 0.171316 -152.865341 0.000000 0.000000 0.008142 34.265713 0.005544 -65.662460 0.020639 -89.977997 0.000000 0.000000 0.034186 -135.725571 0.000000 0.000000 
25.762400 0.276961 119.177147 0.015003 -98.454453 0.077376 -126.467323 0.005541 -45.222977 0.009421 -99.388992 0.175279 -153.908279 0.000000 0.000000 0.012121 -4.353115 0.018071 -21.003174 0.023023 -76.732269 0.007074 -32.688034 0.022444 -174.601410 0.007128 8.290451 
25.765600 0.265813 124.127434 0.009923 3.810208 0.089425 -115.307945 0.006698 154.638931 0.006613 -162.428909 0.169115 -152.569229 0.008704 91.293365 0.008248 170.642960 0.008588 -103.072853 0.017542 -80.976776 0.000000 0.000000 0.026197 -135.398056 0.000000 0.000000 
25.770300 0.271069 123.966583 0.007429 -27.642254 0.083844 -122.014923 0.000000 0.000000 0.000000 0.000000 0.164641 -152.451340 0.000000 0.000000 0.000000 0.000000 0.005702 -120.203056 0.028262 -101.288338 0.007273 95.053749 0.030824 -119.974174 0.000000 0.000000 
25.775100 0.279963 122.894928 0.009752 82.796295 0.085254 -126.281250 0.000000 0.000000 0.010070 138.711578 0.157626 -152.674744 0.013397 114.871246 0.011361 30.574347 0.009795 167.366974 0.024049 -80.209511 0.000000 0.000000 0.028548 -145.780243 0.000000 0.000000 
25.779800 0.270562 123.142853 0.000000 0.000000 0.093953 -125.859482 0.000000 0.000000 0.007857 -176.051880 0.162899 -155.809174 0.000000 0.000000 0.008358 32.936264 0.007505 -96.242554 0.027300 -59.096962 0.000000 0.000000 0.027276 -137.640396 0.010296 -155.041412 
25.784500 0.278363 123.787598 0.000000 0.000000 0.082052 -126.289345 0.000000 0.000000 0.000000 0.000000 0.164415 -153.444641 0.009321 121.248360 0.000000 0.000000 0.000000 0.000000 0.023627 -116.280281 0.009691 -43.733948 0.027645 -131.925858 0.007595 163.924728 
25.789200 0.272943 123.468117 0.000000 0.000000 0.091449 -120.857590 0.013244 157.059219 0.013229 179.342850 0.163919 -148.262939 0.006304 44.277557 0.007277 -22.994570 0.006771 -117.351212 0.031112 -88.196121 0.000000 0.000000 0.024580 -144.887497 0.000000 0.000000 
25.794600 0.273768 125.133438 0.000000 0.000000 0.076393 -132.671753 0.000000 0.000000 0.000000 0.000000 0.172774 -152.533035 0.005301 5.032764 0.000000 0.000000 0.006164 -93.771614 0.015378 -91.952950 0.007113 -79.862144 0.029178 -142.694641 0.000000 0.000000 
25.800800 0.270803 128.256775 0.011626 -77.124062 0.081913 -127.478302 0.000000 0.000000 0.006087 -107.005554 0.157447 -155.616287 0.000000 0.000000 0.000000 0.000000 0.006974 -169.902344 0.015008 -100.141647 0.000000 0.000000 0.028258 -156.579193 0.009588 -0.592887 
25.804800 0.282979 121.256752 0.008349 134.197586 0.087505 -123.090302 0.000000 0.000000 0.013189 173.833359 0.160173 -153.449051 0.011147 -83.554153 0.006715 -37.529549 0.015608 -134.791473 0.018436 -63.985619 0.017444 137.654083 0.027490 -152.722000 0.009999 3.984703 
25.807900 0.270575 122.208817 0.000000 0.000000 0.079078 -132.852661 0.011279 147.275131 0.020319 -149.585083 0.171859 -157.847015 0.005312 60.969109 0.000000 0.000000 0.006098 -83.984398 0.012850 -101.134384 0.008606 41.493416 0.022242 -131.182343 0.009441 138.752258 
25.812600 0.268493 127.139923 0.005332 -168.183701 0.088872 -130.132507 0.000000 0.000000 0.008707 178.728424 0.166230 -157.837128 0.000000 0.000000 0.006807 -34.600159 0.008889 -171.058609 0.016906 -112.532845 0.005157 0.937418 0.032059 -155.968445 0.000000 0.000000 
25.817400 0.269418 124.890717 0.005862 -141.772766 0.078177 -127.945084 0.000000 0.000000 0.000000 0.000000 0.156753 -153.802551 0.000000 0.000000 0.006776 2.447927 0.000000 0.000000 0.013866 -106.229866 0.009049 -157.575027 0.022098 -134.655029 0.005067 -131.181213 
25.822100 0.258663 121.040749 0.000000 0.000000 0.080422 -132.413635 0.000000 0.000000 0.007476 -139.454727 0.167386 -157.696747 0.007999 91.143517 0.008733 82.017548 0.009318 166.643814 0.017276 -84.441963 0.014184 28.320807 0.029895 -154.340820 0.011446 102.916603 
25.827500 0.273744 122.444809 0.010351 -135.885208 0.089784 -131.151688 0.011749 161.918869 0.000000 0.000000 0.165791 -152.673325 0.000000 0.000000 0.000000 0.000000 0.000000 0.000000 0.020015 -76.338249 0.008023 -173.724274 0.031024 -128.990585 0.000000 0.000000 
25.832200 0.273945 123.917892 0.000000 0.000000 0.066468 -125.543510 0.007078 -175.632217 0.010921 -160.631149 0.161788 -151.619217 0.012584 -99.931778 0.000000 0.000000 0.000000 0.000000 0.027102 -101.963463 0.000000 0.000000 0.028074 -134.544312 0.007709 -143.968246 
25.836900 0.282035 120.969734 0.000000 0.000000 0.083017 -131.626099 0.008524 175.572525 0.000000 0.000000 0.166069 -158.378769 0.006909 69.218773 0.006510 59.118130 0.006938 -145.811356 0.022609 -110.804375 0.000000 0.000000 0.030977 -125.486275 0.008494 -23.817471 
25.843100 0.279210 129.261688 0.000000 0.000000 0.087710 -125.344353 0.000000 0.000000 0.000000 0.000000 0.162139 -149.047501 0.000000 0.000000 0.006886 81.055008 0.000000 0.000000 0.013552 -99.151253 0.000000 0.000000 0.032325 -139.705658 0.000000 0.000000 
25.849200 0.278703 125.820312 0.000000 0.000000 0.081313 -131.600143 0.006278 -115.818199 0.000000 0.000000 0.165093 -157.184357 0.000000 0.000000 0.006391 -10.967058 0.006365 -42.871162 0.019044 -88.492622 0.000000 0.000000 0.027524 -125.937508 0.009234 84.013580 
25.855300 0.277235 127.684433 0.000000 0.000000 0.081083 -130.694885 0.005061 126.208740 0.006352 -111.500687 0.163292 -154.249298 0.000000 0.000000 0.007673 24.877054 0.014147 -79.892532 0.018312 -78.242798 0.005507 135.204483 0.027794 -126.399223 0.000000 0.000000 
25.860100 0.276073 123.762459 0.007706 104.856659 0.083686 -134.773514 0.007898 46.293911 0.010551 -174.837616 0.164681 -152.545074 0.009648 4.095203 0.000000 0.000000 0.000000 0.000000 0.017210 -90.087204 0.000000 0.000000 0.037321 -133.756622 0.000000 0.000000 
25.864300 0.272978 123.590561 0.000000 0.000000 0.083392 -136.058868 0.006071 -174.595825 0.000000 0.000000 0.164948 -157.352844 0.000000 0.000000 0.009025 -35.981373 0.000000 0.000000 0.028805 -105.644836 0.005203 -144.790878 0.021090 -153.811584 0.008493 51.885471 
25.869000 0.277769 123.752838 0.011003 -136.239380 0.071727 -140.436356 0.000000 0.000000 0.000000 0.000000 0.161834 -154.694153 0.005594 -76.739273 0.000000 0.000000 0.005163 -95.481750 0.023295 -113.817886 0.006801 71.286560 0.018987 -137.984055 0.000000 0.000000 
