56 482.203 2.2339e-06 0 0.109242 279.593 249.42 0.112196 0.139326 -0.0122746 0.0367071 0.226731 
56 482.203 2.2339e-06 1 0.410048 289.897 289.153 0.281749 0.317152 0.297085 -0.254096 -1.50694 
56 482.203 2.2339e-06 2 0.881794 293.753 246.987 0.306609 -1.01339 -0.622519 0.165098 3.78681 
56 482.203 2.2339e-06 3 0.5432 279.184 248.926 0.58211 -0.16887 0.970214 -0.494694 0.57013 
56 482.203 2.2339e-06 4 0.569794 270.261 269.236 0.296408 0.207919 0.53898 0.475198 -2.59328 
56 482.203 2.2339e-06 5 0.57793 267.698 259.764 0.212149 0.545605 0.00559429 -0.575246 -6.43677 
56 482.203 2.2339e-06 6 0.285749 299.203 218.686 0.205378 -1.13716 -0.285444 -1.02238 1.39173 
56 482.203 2.2339e-06 7 0.21566 307.085 249.043 0.0895225 -9.40772 -0.326689 -0.2126 37.1365 
56 482.203 2.2339e-06 8 0.15735 279.146 281.127 0.0852226 4.10422 0.081658 0.0286465 -11.5649 
56 482.203 2.2339e-06 9 0.457581 269.571 246.974 0.184919 0.588001 -0.495836 -0.0535718 -3.38834 
56 482.203 2.2339e-06 10 0.372779 300.452 268.942 0.332461 -0.594517 -0.453431 -0.150836 0.573473 
56 482.203 2.2339e-06 11 0.400007 303.032 243.958 0.268013 -0.633911 0.502787 -0.0650224 2.32573 
56 482.203 2.2339e-06 12 0.361423 308.264 249.636 0.409295 -0.536277 0.279047 0.0818325 0.350047 
56 482.203 2.2339e-06 13 0.549421 282.233 247.946 0.380629 0.139016 -0.746881 0.420045 0.335914 
56 482.203 2.2339e-06 14 0.265745 312.111 252.927 0.596059 -0.0758333 -0.03422 0.160641 0.622135 
56 482.203 2.2339e-06 15 0.204675 324.828 266.322 0.0956932 -9.02903 0.54819 -0.32384 32.0309 
56 482.203 2.2339e-06 16 0.290747 246.152 182.124 0.466483 0.209892 -0.524665 -0.649606 0.129626 
56 482.203 2.2339e-06 17 0.199685 257.074 299.959 0.329512 -0.159493 0.476244 0.118889 -0.411336 
56 482.203 2.2339e-06 18 0.174111 288.198 238.981 0.488137 -0.387495 -0.00956461 0.346805 0.279637 
56 482.203 2.2339e-06 19 0.251453 286.173 227.906 0.367376 -0.146024 0.146122 0.625307 0.583331 
56 482.203 2.2339e-06 20 0.171955 222.306 174.737 0.171494 0.169481 -0.45335 0.147677 -0.235174 
56 482.203 2.2339e-06 21 0.131866 247.256 188.92 0.415374 0.19185 -0.315618 0.415525 -0.0635616 
56 482.203 2.2339e-06 22 0.100933 285.087 258.893 0.27923 -0.0880128 -0.0590297 -0.108561 0.814397 
56 482.203 2.2339e-06 23 0.313574 291.09 290.022 0.623673 0.434639 0.145366 -0.869868 0.0242686 
56 482.203 2.2339e-06 24 0.300547 279.299 280.944 0.442883 0.081848 -0.481754 0.613709 0.054872 
56 482.203 2.2339e-06 25 0.166973 307.931 312.93 0.207984 0.00319355 0.167184 -0.36989 -0.970361 
56 482.203 2.2339e-06 26 0.175151 327.251 290.04 0.286841 -0.368796 -0.784138 0.535203 1.43939 
56 482.203 2.2339e-06 27 0.128484 300.138 277.932 0.319945 0.888495 -0.259124 0.220066 1.79549 
56 482.203 2.2339e-06 28 -0.219479 264.181 259.038 0.391675 1.15279 -0.341846 0.112448 1.35729 
56 482.203 2.2339e-06 29 0.210644 235.037 316.855 0.235044 0.0208554 0.348015 0.756778 -0.749735 
56 482.203 2.2339e-06 30 0.133768 225.196 306.929 0.263176 -2.99969 -0.11592 -0.32351 5.0074 
56 482.203 2.2339e-06 31 0.211977 259.978 265.966 0.288468 1.00471 -0.255464 0.0456896 1.23257 
56 482.203 2.2339e-06 32 -0.174478 263.177 247.884 0.298551 0.0685363 -0.437607 0.180949 -0.196931 
56 482.203 2.2339e-06 33 -0.20385 272.156 250 0.658841 0.10341 -0.437471 -0.0167131 -0.152581 
56 482.203 2.2339e-06 34 0.123468 221.064 296.939 0.228075 1.11311 -0.0123838 0.250541 -0.881242 
56 482.203 2.2339e-06 35 0.0895149 280.039 219.961 0.345881 -0.138064 0.0264015 0.254855 0.628876 
56 482.203 2.2339e-06 36 0.17447 294.031 238.027 0.287798 -0.741387 -0.0791491 -0.214489 0.964591 
56 482.203 2.2339e-06 37 0.136922 290.05 232.911 0.45522 -0.153784 -0.259186 0.112426 -0.162128 
56 482.203 2.2339e-06 38 0.0822549 274.026 212.973 0.0885835 -0.466609 0.110585 -0.00787229 1.30357 
56 482.203 2.2339e-06 39 0.158235 272.063 270.968 0.516688 1.45422 -0.0194318 0.195728 -0.827201 
56 482.203 2.2339e-06 40 -0.104989 296.091 267.998 0.573387 -1.01377 -0.329097 0.00953795 -0.357235 
56 482.203 2.2339e-06 41 0.337751 300.155 219.026 0.592526 -0.378019 -0.756354 -0.517114 0.568033 
56 482.203 2.2339e-06 42 -0.297626 292.035 244.038 0.378795 -0.187069 -0.0736161 -0.0495353 -0.404478 
56 482.203 2.2339e-06 43 0.159951 325.078 265.009 0.431542 -0.0418899 -0.172674 0.0391035 0.892715 
56 482.203 2.2339e-06 44 0.118956 244.037 300.022 0.322113 -0.0741094 -0.420805 -0.16977 -0.0388084 
56 482.203 2.2339e-06 45 0.110885 169.065 287.005 0.508155 0.0353163 -0.392733 -0.0339207 -0.0589282 
56 482.203 2.2339e-06 46 -0.227744 295.07 251.004 0.534653 -0.206576 -0.267955 0.0170999 -0.118165 
56 482.203 2.2339e-06 47 0.111807 320.079 275.02 0.375216 0.015917 -0.230392 -0.169827 0.392686 
56 482.203 2.2339e-06 48 0.0808645 268.048 251.993 0.484469 0.948806 -0.0527987 0.010336 -0.379724 
56 482.203 2.2339e-06 49 0.227773 283.008 282.994 0.232377 0.514014 0.0731316 0.280153 -1.14986 
56 482.203 2.2339e-06 50 0.200125 294.029 288.968 0.534936 0.273764 -0.238646 0.266328 0.0194071 
56 482.203 2.2339e-06 51 0.0983943 253.049 248.989 0.146986 0.512501 -0.270429 0.0590525 -1.32398 
56 482.203 2.2339e-06 52 0.0949978 303.034 289.956 0.136286 0.439097 -0.20223 0.353149 -0.0130944 
56 482.203 2.2339e-06 53 0.102142 325.022 299.045 0.228204 -0.0666229 -0.138828 -0.333284 -0.531489 
56 482.203 2.2339e-06 54 0.100031 336.973 274.057 0.179613 -2.09066 0.304135 -0.313888 1.76928 
56 482.203 2.2339e-06 55 0.156403 314.062 255.981 0.550967 -0.0872436 -0.290579 0.160243 0.55681 
56 482.203 2.2339e-06 56 0.0860561 317.029 235.049 0.375949 -0.14457 -0.223556 -0.22151 -0.455585 
56 482.203 2.2339e-06 57 -0.107561 273.064 262.986 0.617409 1.75909 -0.369335 0.0932005 0.0494751 
56 482.203 2.2339e-06 58 -0.148295 274.049 253.997 0.457915 0.311735 -0.161952 0.0114446 0.589561 
56 482.203 2.2339e-06 59 0.200695 268.088 260.032 0.523576 0.208646 -0.707321 -0.344284 0.0712842 
56 482.203 2.2339e-06 60 0.138256 263.039 301.985 0.327103 -0.174372 -0.334895 0.133241 -0.5103 
56 482.203 2.2339e-06 61 0.0656554 198.984 292.934 0.13113 0.503496 0.174747 0.554996 -0.541212 
56 482.203 2.2339e-06 62 0.15765 261.056 259.024 0.507156 1.0536 -0.456082 -0.131644 -0.896835 
56 482.203 2.2339e-06 63 -0.124237 313.03 263.998 0.50371 0.291436 -0.16447 -0.0362548 0.496542 
56 482.203 2.2339e-06 64 -0.100488 319.02 260.007 0.402899 -0.54023 -0.159522 0.0367739 0.0526889 
56 482.203 2.2339e-06 65 -0.0984011 286.066 277.993 0.463315 -0.333282 -0.432933 -0.0328212 -0.000576682 
56 482.203 2.2339e-06 66 0.205502 290.023 241.011 0.568781 -0.322057 -0.265879 -0.0704238 -0.0441883 
56 482.203 2.2339e-06 67 0.0914879 231.024 301.017 0.204854 2.51882 -0.0955194 -0.257767 -0.925267 
56 482.203 2.2339e-06 68 0.114136 301.036 214.991 0.454698 0.950473 -0.474679 -0.0778033 -0.773226 
56 482.203 2.2339e-06 69 0.0578175 313.007 309.019 0.499896 0.139021 -0.0187303 -0.137621 -0.275901 
56 482.203 2.2339e-06 70 0.0978884 309.015 268.005 0.318371 -0.915458 0.00843388 -0.0658507 1.98457 
56 482.203 2.2339e-06 71 0.14923 301.04 267.027 0.554792 -0.31451 -0.421994 -0.187994 0.188578 
56 482.203 2.2339e-06 72 0.171343 269.031 248.012 0.555858 0.14835 -0.391941 -0.0537483 -0.27075 
56 482.203 2.2339e-06 73 -0.131174 303.988 251.996 0.296049 -1.06092 0.0591073 -0.0407272 0.805732 
56 482.203 2.2339e-06 74 0.0738156 253.014 216.996 0.261307 0.331378 -0.170156 0.112518 1.27652 
56 482.203 2.2339e-06 75 0.109449 282.026 222.002 0.524762 0.229743 -0.333236 -0.064326 -0.0853572 
56 482.203 2.2339e-06 76 0.107327 317.019 306.998 0.332471 -0.0482663 -0.200165 -0.00748631 2.41481 
56 482.203 2.2339e-06 77 -0.12314 231.026 319.012 0.360468 0.0423233 -0.403669 -0.145818 1.07171 
56 482.203 2.2339e-06 78 0.10254 292.012 272.98 0.451924 0.00916826 -0.251557 0.106055 0.227635 
56 482.203 2.2339e-06 79 0.0754703 229.013 168.997 0.298022 0.331492 -0.0814904 -0.0406221 1.49707 
56 482.203 2.2339e-06 80 0.0970456 296.01 303.02 0.344195 0.292926 -0.12356 -0.314119 1.57536 
56 482.203 2.2339e-06 81 0.0745956 293.016 225 0.487258 -1.26045 -0.202472 0.0379321 0.365889 
56 482.203 2.2339e-06 82 0.152077 270.02 253.993 0.468601 0.409073 -0.227167 0.0702985 0.150615 
56 482.203 2.2339e-06 83 0.0857853 317.005 282.998 0.477455 -0.161052 -0.091201 -0.0040651 0.470931 
56 482.203 2.2339e-06 84 -0.114057 321.003 265.005 0.420024 0.427751 -0.0708297 -0.119566 1.81312 
56 482.203 2.2339e-06 85 0.103728 270.024 241.012 0.533592 0.689412 -0.034078 -0.234895 -0.528547 
56 482.203 2.2339e-06 86 0.0881531 289.998 209.013 0.361794 -0.232832 0.0736752 -0.16728 0.359411 
56 482.203 2.2339e-06 87 0.0817552 268.021 281.001 0.481221 -0.208521 -0.239859 -0.0383093 0.238613 
56 482.203 2.2339e-06 88 -0.0881089 341.026 268.001 0.403425 -0.746004 -0.251364 -0.00265347 1.97423 
56 482.203 2.2339e-06 89 0.0734348 253.007 323.008 0.4693 0.177982 -0.0936286 -0.0998869 0.366432 
56 482.203 2.2339e-06 90 -0.113409 269.011 271.993 0.563306 1.21147 -0.161781 0.0756258 -0.365606 
56 482.203 2.2339e-06 91 -0.0916899 275.015 267.001 0.508276 1.60294 -0.19363 -0.00998898 0.604712 
56 482.203 2.2339e-06 92 0.0730335 282.016 271.003 0.510124 -0.391992 -0.257237 -0.0811048 -0.123094 
56 482.203 2.2339e-06 93 0.0722435 272.007 327.002 0.424469 0.15783 -0.107694 -0.0356081 1.33951 
56 482.203 2.2339e-06 94 0.0639535 277.013 262.002 0.522826 0.310951 -0.255448 -0.0206045 -0.311678 
56 482.203 2.2339e-06 95 0.0772958 223.015 179.995 0.516491 -0.330222 -0.176807 0.0493073 0.268128 
56 482.203 2.2339e-06 96 0.0740848 220.006 165.005 0.470903 0.118738 -0.0798224 -0.0824278 0.175025 
56 482.203 2.2339e-06 97 -0.0768975 302.008 239.995 0.534727 0.115327 -0.174342 0.0842683 -0.48829 
56 482.203 2.2339e-06 98 0.0576416 280.005 294.996 0.520991 -0.590319 -0.065058 0.0217016 -0.279906 
56 482.203 2.2339e-06 99 -0.090702 239.012 314.996 0.475108 0.100486 -0.246183 0.0977479 0.69707 
56 482.203 2.2339e-06 100 -0.0681144 305.012 224.998 0.497062 -1.25009 -0.229572 0.0305344 -0.315866 
56 482.203 2.2339e-06 101 -0.0806876 307.006 230.996 0.458885 -0.323865 -0.145724 0.0610264 0.764006 
56 482.203 2.2339e-06 102 0.11152 249.01 189.989 0.496826 -0.290437 -0.191793 0.279732 0.148432 
56 482.203 2.2339e-06 103 -0.0584193 310.011 319.007 0.479043 -0.739871 -0.157004 -0.0688466 0.0339938 
56 482.203 2.2339e-06 104 0.105436 263.005 255.004 0.521639 0.201623 -0.149815 -0.13576 -0.691454 
56 482.203 2.2339e-06 105 0.0984533 274.009 213.002 0.44866 -0.237959 -0.226461 -0.0671052 1.52041 
56 482.203 2.2339e-06 106 0.0440624 324.005 259.001 0.517139 0.27138 -0.100566 -0.0044544 -0.103553 
56 482.203 2.2339e-06 107 0.0620854 260.008 262.002 0.51 1.30507 -0.234005 -0.0578017 -0.430686 
56 482.203 2.2339e-06 108 0.102847 286.009 258.002 0.513168 -0.767667 -0.265164 -0.113314 -0.239628 
56 482.203 2.2339e-06 109 0.057708 336.005 267 0.503016 -0.295561 -0.162132 -0.0128788 0.0625992 
56 482.203 2.2339e-06 110 -0.0717123 332.006 270 0.488774 0.510161 -0.197172 0.00534192 0.516754 
56 482.203 2.2339e-06 111 0.0684086 289.005 229.998 0.516277 -0.16486 -0.156217 0.0538178 -0.413193 
56 482.203 2.2339e-06 112 0.0686388 251.007 293.002 0.483355 -0.254245 -0.249278 -0.0652037 0.79629 
56 482.203 2.2339e-06 113 0.0940175 283.005 291.002 0.493363 -0.19083 -0.191465 -0.0784967 0.314698 
56 482.203 2.2339e-06 114 0.0648414 290.004 283.002 0.515381 -0.0906804 -0.137275 -0.0765756 -0.504396 
56 482.203 2.2339e-06 115 0.062864 288.004 215.999 0.501088 -0.633001 -0.147803 0.0295103 0.186163 
56 482.203 2.2339e-06 116 -0.070531 316.001 249.999 0.50189 0.0699311 0.0188704 0.0610979 -0.177226 
56 482.203 2.2339e-06 117 0.067884 219.003 284.001 0.475541 0.0974766 -0.122531 -0.0341215 0.96846 
56 482.203 2.2339e-06 118 -0.0809225 311.001 256 0.50547 0.309131 -0.103532 0.00276423 -0.107787 
56 482.203 2.2339e-06 119 0.0709386 307.002 257 0.503498 -0.575857 -0.0795961 0.00874014 -0.00153073 
56 482.203 2.2339e-06 120 0.0762186 289.001 319.002 0.472358 0.182114 -0.0562959 -0.135784 1.67883 
56 482.203 2.2339e-06 121 -0.085813 219 181.999 0.470984 0.00445415 -0.0319093 0.0971016 1.7546 
56 482.203 2.2339e-06 122 -0.0411426 316.003 273.999 0.502701 -0.181351 -0.153336 0.0699413 -0.11077 
56 482.203 2.2339e-06 123 0.0962841 301 319.001 0.461007 -0.554285 -0.0102097 -0.0883657 2.83701 
56 482.203 2.2339e-06 124 0.0852958 301.003 276 0.497533 -1.40292 -0.188838 -0.0429609 0.33959 
56 482.203 2.2339e-06 125 0.0678383 242 240 0.496696 -0.0256389 -0.023726 -0.00906436 0.301731 
56 482.203 2.2339e-06 126 -0.0788847 323 287.001 0.491372 0.495027 -0.0370802 -0.0813772 0.776489 
56 482.203 2.2339e-06 127 0.0528928 262.001 293 0.503937 -0.350041 -0.105305 0.0570695 -0.17868 
56 482.203 2.2339e-06 128 0.0584849 281.001 205 0.498105 0.0617919 -0.184021 0.0505152 0.30079 
56 482.203 2.2339e-06 129 -0.0549766 320.001 254 0.501617 -0.401589 -0.0921108 -0.0137335 -0.252328 
56 482.203 2.2339e-06 130 -0.056437 330.001 262 0.501118 -0.085149 -0.085363 -1.11354e-05 -0.0922234 
56 482.203 2.2339e-06 131 0.0672704 272 300 0.496358 -0.325017 0.00613027 0.0145467 0.768581 
56 482.203 2.2339e-06 132 0.0670751 289 268 0.497643 -0.239599 -0.0559383 0.0242381 0.586031 
56 482.203 2.2339e-06 133 0.0556976 273.001 240.001 0.501287 -0.257085 -0.101207 -0.114278 -0.0152851 
56 482.203 2.2339e-06 134 -0.0569344 266 266 0.501438 -0.684056 -0.106075 0.0477998 -0.525558 
56 482.203 2.2339e-06 135 0.0548771 298 211 0.501558 2.98446 -0.013922 0.06279 -0.879684 
56 482.203 2.2339e-06 136 -0.0636807 221 311 0.500135 -0.641939 -0.036769 0.0180735 0.0721571 

